90
45
85
75
40
50
35
85
65
110
40
70
40
95
45
75
55
95
70
75
60
40
80
50
65
60
60
40
70
55
75
80
35
70
90
45
35
85
75
65
85
70
80
70
100
85
35
105
45
40
95
95
60
85
95
85
50
100
35
70
55
85
40
80
80
90
45
45
45
95
55
55
75
85
90
35
90
85
55
50
80
90
60
45
85
35
65
80
105
70
70
90
95
50
65
100
90
95
50
80
60
100
95
80
45
85
40
75
80
45
65
110
80
95
55
40
90
100
85
85
80
35
90
40
40
50
55
90
95
105
45
55
45
80
50
95
55
95
95
85
45
80
80
95
100
80
35
55
95
40
100
60
80
65
70
105
55
50
35
105
110
105
85
50
45
75
100
100
105
85
35
80
95
35
95
90
65
35
110
70
55
100
100
40
60
105
40
55
45
90
55
70
35
80
70
80
105
50
60
100
90
65
75
50
50
50
75
100
90
115
45
35
45
50
40
40
65
85
65
60
40
35
65
40
75
40
90
60
50
40
105
65
70
100
110
45
95
80
115
35
70
70
50
45
50
80
35
50
55
95
85
125
95
40
105
40
40
60
95
35
50
95
50
100
50
40
35
85
70
80
35
95
35
50
40
60
75
100
50
40
50
80
70
70
65
50
65
80
100
110
110
50
50
50
90
50
85
100
40
50
35
45
40
40
50
100
40
50
40
105
60
55
35
55
35
50
65
110
60
65
40
75
90
75
90
105
115
75
125
35
35
35
65
35
50
40
40
100
90
70
105
55
110
60
75
45
50
95
115
110
45
115
40
60
90
45
105
35
110
100
45
90
50
100
80
115
45
100
100
90
50
35
85
110
85
60
100
95
95
95
110
40
55
60
60
45
55
40
65
90
35
70
40
120
35
95
85
115
60
100
95
115
75
35
50
105
35
55
55
50
95
40
35
35
80
45
45
80
75
55
80
50
35
95
80
75
100
60
70
40
35
40
70
35
35
105
40
60
45
65
105
40
50
50
75
70
40
50
45
40
45
85
85
105
110
40
105
115
115
35
80
60
45
105
40
35
45
35
45
70
105
75
50
40
95
35
85
35
65
75
105
75
100
50
115
65
85
70
55
90
80
85
40
40
70
45
50
55
85
95
105
45
60
60
70
45
45
65
90
120
50
45
85
35
40
120
40
35
65
85
70
40
45
50
55
45
50
115
35
105
35
55
50
75
100
105
90
40
70
45
40
35
35
40
55
75
105
85
70
105
35
95
60
70
35
75
35
60
40
35
40